AUFD_tankhub0
73*51
0.0000*1.0000|0|0
-234,-45|428,-63|-233,327|489,326
Border: Passable




0

1,4,3|1|1|1|1|1|1|1|1|1|1|1|1|1|1,3|1,3|1,3|1,3|1,3|1,3|1,3|1,3|1,3|1,3|1,3|1,3|1,3|1,3|1,3|1,3|1,3|1,3|1,3|1,3|1,3|1|1|1|1|1|1|1|1|1|1|1|1|1|1|0|0|1,3|4,3,6|0,6|0,6|1|1|1|1|0,6|0,6|0,6|0,6|1|1|4,3|1|1|1|1|1|1|1|1|1|1|1|1|1|1|1|1|1|1|1|4,3|1|1|1|1|1|1|1|1|1|0|0|0|0|0|0|0|1|1|1|0,6|1|1|1|1|0,6|1|1|0,6|1|1|0,6|1|1|1|1|1|1|1|1|1|1|1|1|1|1|1|1|1|1|1|0|1|0,1|0,1|0,1|0,2,1|0,2,1|0,1|0,1|0,1|0,1|0,1|0,1|0,1|0|0|0|1|1|1|0,6|0,6|0,6|0,6|0,6|0,6|1|0,6|0,6|0,2,6|0,6|0,6|0,6|0,6|1|1|1|1|1|1|1|1|1|1|0|0|0|0|0|0|0|0|0,1|0,1|0,1|1|1|1|1|0,1|0,1|0|0|0|0|0|0|0|1|1|0,6|0,6|1|1|1|1|1|1|0,6|0,6|0,6|0,6|0,6|0,6|0,6|0,6|1|1|1|1|1|1|1|1|0|0|0|0|0|0|0|0|0|0|0|0|0|0|0|0|0|0|0|0|0|0|1|1|1|1|1|0,6|1|1|1|1|1,3|1,3|1,3|1|0,1|0,1|0,1|0,1|0,1|0,1|0,1|0,1|1|1|1|1|1|1|0|0|0|0|0|0|0,2|0|0|0|0,2|0|0|0|0,2|0|0|0|0|0|0|0|0|3|4,3|1,3|1|1|0,6|1|1|1|1|4,3|1|1,3|1,3|1|0|0|0|0|0|0|0|1|1|1|1|1|1|1|1|1|1|1|1|1|1|1|1|1|1|1|1|1|1|1|1|1|1|0,6|0|0|1|1|1,3|1|1|0,6|1|1|1|1|0,6|1|1|1,3|1|1|0,1,6|0,1,6|0,1,6|0,1|0,1|0,1,6|0,1,6|1|1|1|1|1|1|1|1|1|1|1|1|1|1|1|1|1|1|1|1|1|1|1|1|1|0,6|0|0|1|1|1,3|1|1|0,6|0,6|1|1|0,6|0,6|0,6|0,6|0,3,6|0,6|0,6|0,6|0|0|0|0|0,6|0,6|1|1|1|1|1|1|1|1|1|1|1|1|1|0,6|0,6|0,6|0,6|0,6|0,6|0,6|0,6|0,6|0,6|0,6|1|0,2,1,6|1|0,2,1|1|1|1,3|1|1|1|0,6|1|1|0,1,6|0,1,6|0,1,6|3,6|0,3,6|0,6|0,6|0,6|0,6|0|0|0|0|0,6|1|1|1|1|1|1|1|1|1|1|1|1|1|0,1,6|0,2,1,6|0,1,6|0,1,6|0,2,1,6|0,6|0,6|0,6|0,6|0,6|0,6|1|0,2,6|1|0,2|1|1|1,3|1|1|0,6|0,6|1|1|0,6|0,6|0,6|3,6|0,3,6|0,6|0,6|0,6|0,6|0,6|0,6|0,6|0,6|0,6|1|1|1,3|1,3|1,3|1,3|1,3|1,3|1,3|1,3|1,3|4,3,6|0,6|0,6|0,2,6|0,6|0,6|0,2,6|0,6|0,6|0,6|0,6|0,6|0,6|1|0,2,1,6|1|0,2,1|1|1|1,3|1|1|0,6|1|1|1|0,6|0,6|0,6|3,6|0,3,6|0,6|0,6|0,6|0,6|0,6|0,6|0,6|0,6|0,6|1|1|1,3|1|1|1|1|1|1|1|1|1|1|0,6|0,2,6|0,6|0,6|0,6|0,6|0,6|0,6|0,6|0,6|0,6|0,2,6|0,2,6|1|0,2|1|1|1,3|1|0,6|0,6|1|1|1|0,6|0,6|0,6|3,6|0,3,6|0,6|0,6|0,6|0,6|0,6|1|1|1|1|1|1|1,3|1|1|1|1|1|1|1|1|1|1|0,1,6|0,2,1,6|0,6|0,6|0,6|0,6|0,6|0,6|0,6|0,6|0,6|1|0,2,1,6|1|0,2,1|1|1|1,3|1|0,6|0,6|0,6|1|1|0,1,6|0,1,6|0,1,6|3,6|0,3,6|0,6|0,6|0,6|0,6|0,6|1|0,6|0,6|0,6|1|1|1,3|1|1|1|1|1|1|1|1|1|1|0,6|0,6|0,6|0,6|0,6|0,6|0,6|0,6|0,6|0,6|0,6|1|0,2,6|1|0,2|1|1|1,3|1|0,6|0,6|0,6|1|1|0,6|0,6|0,6|0,3,6|0,3,6|0,6|0,6|0,6|0,6|0,1,6|0,1,6|0,1,6|0,1,6|0,1,6|3,6|4,3|1,3|1|1|1|1|1|1|1|1|0,2,1,6|0,1,6|0,1,6|0,1,6|0,1,6|0,6|0,6|0,6|0,6|0,6|0,6|0,6|0,6|1|1|1|1|1|1|1,3|1|0,6|0,6|0,6|1|1|0,6|0,6|0,6|0,3,6|0,6|0,6|0,6|0,6|0,6|0,6|1|0,6|0,6|0,6|1|1|1|1|1|1|1|1|1|1|1|0,2,6|1|1|1|1|1|1|1|0,6|0,6|0,6|0,6|0,6|0,6|0,6|0,6|0,6|3,6|4,3,6|1,3|1|0,6|0,6|0,6|1|1|0,6|0,6|0,6|0,3,6|0,3,6|0,3,6|0,3,6|0,3,6|0,3,6|0,3,6|1,3|0,3,6|0,3,6|0,3,6|1,3|1,3|1,3|1|1|1|1|1|1|1|1|0,2,6|1|1|1|0,6|0,6|0,6|1|0,6|0,6|0,6|0,6|0,6|0,6|0,6|0,6|0,6|1|1|1|1|0,6|0,6|0,6|1|1|0,1,6|0,1,6|0,1,6|3,6|0,6|0,6|0,6|0,6|0,6|0,6|1|0,6|0,6|0,6|1|1|1,3|1|1|1|1|1|1|1|1|0,2,6|1|1|1|0,6|0,6|0,6|1|0,6|0,6|0,6|0,6|0,6|0,6|0,6|0,6|0,6|1|1|1|1|0,6|0,6|0,6|1|1|0,6|0,6|0,6|3,6|0,6|0,6|0,6|0,6|0,6|0,1,6|0,1,6|0,1,6|0,1,6|0,1,6|3,6|4,3|1,3|1|1|1|1|1|1|1|1|0,2,6|1|1|1|0,6|0,6|0,6|1|0,6|0,6|0,6|0,6|0,6|0,6|0,6|0,6|0,6|1|1|1|1|0,6|0,6|0,6|1|1|0,6|0,6|0,6|3,6|0,6|0,6|0,6|0,6|0,6|0,6|1|0,6|0,6|0,6|1|1|1|1|1|1|1|1|1|0,6|0,6|0,2,6|0,6|0,6|1|0,1,6|0,1,6|0,1,6|0,2,1,6|0,1,6|0,1,6|0,6|0,6|0,6|0,6|0,6|0,6|0,6|3,6|4,3,6|1,5,3|1|0,6|0,6|0|1|1|0,6|0,6|0,6|3,6|0,6|0,6|0,6|0,6|0,6|0,6|1|1|1|1|1|1|1|1|1|1|1|1|1|0,6|0,6|0,2,6|0,6|0,6|1|0,6|0,6|0,6|1|0,6|0,6|0,6|0,6|0,6|0,6|0,6|0,6|0,6|1|1|1|1|0|0|0|0,2,6|1|0,6|0,6|0,6|3,6|0,6|0,6|0,6|0,6|0,6|0,6|0,6|0,6|0,6|0,6|1|1|1|1|1|1|1|1|1|0,6|2,6|1|2,6|0,6|1|0,6|0,6|0,6|1|0,6|0,6|0,6|0,6|0,6|0,6|0,6|0,6|0,6|1|1|1|1|0|0|0|0,2,6|0,2,6|0,6|0,6|0,6|3,6|0,6|0,6|0,6|0,6|0,6|0,6|0,6|0,6|0,6|0,6|3,6|4,3,3|1,3|1,3|1,9,3|1|1|1|1|0,6|1|1|1|0,6|1|0,1,6|0,1,6|0,1,6|0,2,1,6|0,1,6|0,1,6|0,1,6|0,1,6|0,1,6|0,1,6|0,6|0,6|0,6|1|1|1|1|0|0|0|0,2,6|0,2,6|0,6|0,6|0,6|3,6|0,6|0,6|0,6|0,6|0,6|0,6|0,6|0,6|0,6|0,6|1|1|1|1|1|1|1|1|1|0,6|1|1|1|0,6|1|0,6|0,6|0,6|1|0,6|0,6|0,6|0,6|0,6|0,6|0,6|0,6|0,6|1|1|1|1|0|0|0|0,2,6|0,2,6|0,6|0,6|0,6|3,6|0,6|0,6|0,6|0,6|0,6|0,6|0,6|0,6|0,6|0,6|1|1|1|1|1|1|1|1|1|0,6|1|1|1|0,6|1|0,6|0,6|0,6|1|0,6|0,6|0,6|0,6|0,6|0,6|0,6|0,6|0,6|1|1|1|1|0|0|0|0,2,6|0,2,6|0,6|0,6|0,6|3,6|0,6|0,6|0,6|0,6|0,6|0,6|0,6|0,6|0,6|0,6|3,6|4,3|1,3|1,3|1,3|1,3|1,5,3|1|1|0,6|1|1|1|0,6|1|0,1,6|0,1,6|0,1,6|0,2,1,6|0,1,6|0,1,6|0,1,6|0,6|0,6|0,6|0,6|0,6|0,6|3,6|4,3,6|1,9,3|1|0|0|0|0,2,6|1|0,1,6|0,1,6|0,1,6|3,6|0,6|0,6|0,6|0,6|0,6|0,6|0,6|0,6|0,6|0,6|1|1|1|1|1|1|1|1|1|0,6|1|1|1|0,6|1|0,6|0,6|0,6|1|0,6|0,6|0,6|0,6|0,6|0,6|0,6|0,6|0,6|1|1|1|1|0|0|0|1|1|0,6|0,6|0,6|0,6|0,6|0,6|0,6|0,6|0,6|0,6|0,6|0,6|0,6|0,6|1|1|1|1|1|1|1|1|1|0,6|2,6|1|2,6|0,6|1|0,6|0,6|0,6|1|0,6|0,6|0,6|0,6|0,6|0,6|0,6|0,6|0,6|1|1|1|1|1|0,2,1,6|0,2,1,6|1|1|1|1|1|1|1|1|1|1|1|1|1|1|1|1|1|1|1|1|1|1|1|1|1|0,6|0,6|0,2,6|0,6|0,6|0,2,1,6|0,1,6|0,1,6|0,1,6|0,2,1,6|0,1,6|0,1,6|0,1,6|0,1,6|0,1,6|0,1,6|0,1,6|0,1,6|0,1,6|1|1|1|1|1|0,2,1,6|0,2,1,6|1|1|1|1|1|1|1|1|1|1|1|1|1|1|1|1|1|1|1|1|1|1|1|1|1|1|1|1|1|1|1|1|1|1|1|0,6|0,6|0,6|0,6|0,6|0,6|0,6|0,6|0,6|1|1|1|1|0|0|0|0|0|0|0|0|0|0|0|0|0|0|0|0|0|0|0|1|0,6|0,6|0,6|0,6|0,6|0,6|1|0|0|0|0|0|0|0|0|0|0|0|0|0|0|0|0|0|0|0|0|1|1|1|1|0|0|0|0|0|0|0|0|0|0|0|0|0|0|0|0|0|0|0|1|0,6|0,6|0,6|0,6|0,6|0,6|1|0|2|1|1|1|1|1|1|1|1|1|2|0|0|0|0|0|0|0|0|0|0|0|1|0,1|0,1|0,1|0,1|0,1|0,1|0,1|0,1|0,1|0,1|0,1|0,1|0,1|0,1|0,1|0,1|0,1|0,1|0,1|0,1,6|0,1,6|0,1,6|0,1,6|0,1,6|0,1,6|0,1,6|0,1,6|0,1|1|1|1|1|1|1|1|1|1|1|1|0,1|0,1|0,1|0,1|0,1|0,1|0,1|0,1|0,1|0,1|0,1|1|0|0|0|0|0|0|0|0|0|0|0|0|0|0|0|0|0|0|0|1|0,6|0,6|0,6|0,6|0,6|0,6|1|0|2|1|1|1|1|1|1|1|1|1|2|0|0|0|0|0|0|0|0|0|0|0|1|0|0|0|0|0|0|0|0|0|0|0|0|0|0|0|0|0|0|0|1|0,6|0,6|0,6|0,6|0,6|0,6|1|0|0|0|0|0|0|0|0|0|0|0|0|0|0|0|0|0|0|0|0|0|0|0|1|0|0|2|1|1|1|1|1|1|2|0|0|0|0|0|0|0|0|0|1|0,6|0,6|0,6|0,6|0,6|0,6|1|0|0|0|0|0|0|0|0|2|1|1|1|1|1|1|2|0|0|0|1|1|1|1|1|0,1|0,1|1|1|1|1|1|1|1|1|0,1|0,1|0,1|0,1|0,1|0,1|0,1|0,1|0,1|0,1,6|0,1,6|0,1,6|0,1,6|0,1,6|0,1,6|0,1,6|0,1,6|0,1|0,1|0,1|0,1|0,1|0,1|0,1|0,1|1|1|1|1|1|1|1|1|0,1|0,1|0,1|3|4,3|1,3|1,4,3|1|0|0|2|1|1|1|1|1|1|2|0|0|0|0|0|0|0|0|0|1|0,6|0,6|0,6|0,6|0,6|0,6|1|0|0|0|0|0|0|0|0|2|1|1|1|1|1|1|2|0|0|0|1|1|1|1|1|0,6|0,6|0,6|0,6|0,6|0,6|0,6|0,3,6|0,3,6|0,3,6|0,3,6|0,3,6|0,3,6|0,3,6|0,3,6|0,3,6|0,6|0,6|0,6|1|0,6|0,6|0,6|0,6|0,6|0,6|1|0|0|0|0|0|0|0|0|0|0|0|0|0|0|0|0|0|0|0|3|4,3|1,3|1,9,3|1|1|1|1|1|1|1|1|1,3|1|1|1|1|1|1|1|1,3|1,3|1|1|1|1|1|1|1|1|1|1|0|2|1|1|1|1|2|0|0|2|1|1|1|1|1|1|2|0|0|1|1|1|1|1,3|1,3|1,3|1|1|1|1|1|1,3|1|1,3|1,3|1,3|1|1|1|1|1,3|1|1|1|1|1|1|1|1|1|1|0,1|1|1|1|1|1|1|0,1|0,1|1|1|1|1|1|1|1|1|0|0|3|4,3|1,3|1,3|1,3|1|4,3,6|1|1|1|1|1|4,3,6|1|1,3|1|4,3,6|1|1|1|1|4,3,6|1|1|1|1|1|1|1|1|1|1|0|2|1|1|1|1|2|0|0|2|1|1|1|1|1|1|2|0|0|1|1|1|1,3|1,3|1|0,2,6|1|1|1|1|1|0,2,6|1|1,3|1|0,2,6|1|1|1|1|0,2,6|1|1|1|1|1|1|1|1|1|1|0|0|0|0,6|0,6|0|0|0|0|0|0|0|0,6|0,6|0|0|0|0|0|1|1|1|1,3|0,3,6|0,6|0,2,6|0,6|0,6|0,6|0,6|0,6|0,2,6|0,6|0,3,6|0,6|0,2,6|0,6|0,6|0,6|0,6|0,2,6|0,6|0,6|1|1|1|1|1|1|1|1|1|1|1|1|1|1|1|1|1|1|1|0|1|1|1|1|1|1|1|1|1|1|1,3|0,3,6|0,6|0,2,6|0,6|0,6|0,6|0,6|0,6|0,2,6|0,6|0,3,6|0,6|0,2,6|0,6|0,6|0,6|0,6|0,2,6|0,6|0,6|1|1|1|1|1|1|1|1|1|1|1|1|1|1|1|1|1|1|1|0|1|1|1,3|1,3|1,3|1,3|1,3|1,3|1,12,3|1|1,3|0,3,6|2,6|1|2,6|0,6|0,6|0,6|2,6|1|2,6|0,3,6|0,6|0,2,6|0,6|0,6|0,6|0,6|0,2,6|0,6|0,6|3,6|4,3|1,3|1,3|1|1|1|1|0,6|0,6|0,6|0,6|0,7,6|1|1|1|1|1|1|0|1|1|1,3|1|1|1|1|1|1|1|1,3|0,3,6|1|1|1|0,6|0,6|0,6|1|1|1|0,3,6|0,6|0,2,6|0,6|0,6|0,6|0,6|0,2,6|0,6|0,6|1|1|1|1,3|1|1,9,3|4,3|0,1,6|0,1,6|0,1,6|0,6|0,6|0,7,6|1|1|1|0|0|0|0|1|1|1,3|0,6|0,6|0,6|0,6|0,6|1|1|1,3|0,3,6|1|1|1|0,6|0,6|0,6|1|1|1|0,3,6|0,6|0,2,6|0,6|0,6|0,6|2,6|1|2,6|0,6|1|1|1|1,3|1|1|1|1|0,6|0,6|0,6|0,6|0,7,6|1|1|1|0|1|1|1|1|1|1,3|0,6|0,6|0,6|0,6|0,6|3,6|4,3,6|1,3|0,3,6|1|1|1|0,6|0,6|0,6|1|1|1|0,3,6|0,6|0,2,6|0,6|0,6|0,6|1|1|1|0,6|1|1|1|1,3|1|1|1|1|0,6|0,6|0,6|0,6|0,7,6|1|1|0,6|0,2,6|0,6|0,6|0,6|1|1|1,3|0,6|0,6|0,6|0,6|0,6|1|1|1|0,3,6|1|1|1|0,6|0,6|0,6|1|1|1|0,3,6|0,6|0,2,6|0,6|0,6|0,6|1|1|1|0,6|1|1|1|1,3|1,3|1,3|4,3|0,1,6|0,1,6|0,1,6|0,1,6|0,6|0,6|1|1|0,6|0,6|0,6|0,6|0,6|1|1|1,3|0,6|0,6|0,6|0,6|0,6|1|1|1|0,3,6|1|1|1|0,6|0,6|0,6|1|1|1|0,3,6|2,6|1|2,6|0,6|0,6|1|1|1|0,6|1|1|1|1|1|1|1|1|0,6|0,6|0,6|0,6|0,6|1|1|0,6|0,6|0,6|0,6|0,6|1|1|1,3|0,6|0,6|0,6|0,6|0,6|1|1|1|0,3,6|2,6|1|2,6|0,6|0,6|0,6|2,6|1|2,6|0,3,6|1|1|1|0,6|0,6|1|1|1|0,6|1|1|1|1|1|1|1|1|0,6|0,6|0,6|0,6|0,6|1|1|0,6|0,6|0,6|0,6|0,6|3,6|4,3,6|1,3|0,1,6|0,1,6|0,1,6|0,6|0,6|1|1|1|0,3,6|0,6|0,2,6|0,6|0,6|0,6|0,6|0,6|0,2,6|0,6|0,3,6|1|1|1|0,6|0,6|1|1|1|0,6|1|1|1|1|1|1|1|1|0,6|0,6|0,6|0,6|0,6|1|1|0,6|0,6|0,6|0,6|0,6|1|1|1|0,6|0,6|0,6|0,6|0,6|1|1|1|0,3,6|0,6|0,2,6|0,6|0,6|0,6|0,6|0,6|0,2,6|0,6|0,3,6|1|1|1|0,6|0,6|1|1|1|0,6|1|1|1|1|1|1|1|1|0,6|0,6|0,6|0,6|0,6|1|1|0,6|0,6|0,6|0,6|0,7,6|1|1|1|0,6|0,6|0,6|0,6|0,6|3,6|4,3,6|1,5,3|0,3,6|0,6|0,2,6|0,6|0,6|0,6|0,6|0,6|0,2,6|0,6|0,3,6|1|1|1|0,6|0,6|1|1|1|0,6|1|1|1|1|1|1|1|1|0,6|0,6|0,6|0,6|0,1,6|3,1|0,1|0,1,6|0,1,6|0,6|0,6|0,7,6|1|1|1|0,6|0,6|0,6|0,6|0,7,6|1|1|1|0,3,6|0,6|0,2,6|0,6|0,6|0,6|0,6|0,6|0,2,6|0,6|0,3,6|1|1|1|0,6|0,6|1|1|1|0,6|1|1|1|1|1|1|1|1|0,6|0,6|0,6|0,6|0,6|1|1|0,6|0,6|0,6|0,6|0,7,6|1|1|1|0,6|0,6|0,6|0,6|0,7,6|1|1|1|0,3,6|0,6|0,2,6|0,6|0,6|0,6|0,6|0,6|0,2,6|0,6|0,3,6|1|1|1|0,6|0,6|1|1|1|0,6|1|1|1|1|1|1|1|1|0,6|0,6|0,6|0,6|0,6|1|1|0,6|0,6|0,6|0,6|1|1|1|1|0,6|0,6|0,6|0,6|0,7,6|1|1|1|0,3,6|0,6|0,2,6|0,6|0,6|0,6|0,6|0,6|0,2,6|0,6|0,3,6|2,6|1|2,6|0,6|0,6|1|1|1|0,6|1|1|1|1|1|1|1|1|0,6|0,6|0,6|0,6|0,6|1|1|0,6|0,6|0,6|0,6|1|1|1|1|0,6|0,6|0,6|0,6|0,7,6|1|1|1|1,3|1|0,2,6|1|1|0,6|1|1|1|1|1,3|0,6|0,2,6|0,6|0,6|0,6|1|1|1|0,6|1|1|1|1|1|1|1|1|1|1|0|1|1|1|1|0,6|0,6|0,6|0,6|3,6|4,3,6|1,3|1,3|0,3,6|0,3,6|0,6|0,6|0,6|1|1|1|1,3|1|4,3,6|1|1|4,3|1|1|1,3|1,3|1,3|0,6|0,2,6|0,6|0,6|0,6|1|1|1|0,6|1|1|1|1|1|1|1|1|1|1|0|1|1|1|1|0,6|0,6|0,6|1|1|1|1|1|0,6|0,3,6|0,6|0,6|0,6|1|1|1|1,3|1|1,3|1|1|1,9,3|1|1|4,3,6|1|1|0,6|0,2,6|0,6|0,6|0,6|1|1|1|0,6|1|1|1|1|1|1|1|1|1|1|0|0|0|1|1|0,6|0,6|0,6|0,6|1,3|1,3|4,3,6|0,1,6|0,1,6|0,3,6|0,6|0,6|0,1,6|1|1|1|1,3|1,3|1,3|1|1|1|1|1|0,6|1|1|0,6|0,2,6|0,6|0,6|0,6|1|1|1|0,6|1|1|1|1|1|1|1|1|1|1|1|1|0|1|1,3|1,3|1,3|1,3|1,3|1,3|1|1|1|0,6|0,3,6|0,6|0,6|0,6|1|1|1|1|1|1|1|0,6|0,6|0,6|1|0,6|1|1|0,6|0,2,6|0,6|0,6|0,6|1|1|1|0,6|1|1|1|1|1|1|1|1|1|0|0|0|0|1|1,3|1|1|1|1|1|1|1,3|1,3|0,3,6|0,3,6|0,6|0,6|0,6|1|1|1|1|1|1|1|0,6|0,6|0,6|1|0,6|1|1|0,6|0,2,6|0,6|0,6|0,6|2,6|1|2,6|0,6|1|1|1|1|1|1|1|1|1|0|1|1|1|1|4,3,6|1|1|1|1|1|1|4,3,6|1|1|1|1|1|1|1|1|1|1,4,3|1,3|4,3,6|0,1,6|0,6|0,6|0,6|1|0,6|1|1|0,6|0,2,6|0,6|0,6|0,6|0,6|0,2,6|0,6|0,6|1|1|1|1|1|1|1|1|1|0|1|1|1|1|0,2,6|1|1|1|1|1|1|0,2,6|1|1|1|1|1|1|1|1|1|1|1|1|1|0,6|0,6|0,6|1|0,6|1|1|0,6|0,2,6|0,6|0,6|0,6|0,6|0,2,6|0,6|0,6|1|1|1|1|1|1|1|1|0,6|0,6|0,6|0,6|0,6|0|0,2|0|0|0|0|0|0|0,2|0|0,2|0|0|0,2|0|0|0,2|0|1|1|1|1|0,6|0,6|0,6|1|0,6|1|1|0,6|0,2,6|0,6|0,6|0,6|0,6|0,2,6|0,6|0,6|1|1|1|1|1|1|1|1|0,1,6|0,1,6|0,1,6|3,6|0,6|0|0,2|0|0|0|0|0|0|0,2|0|0|0|0|0,2|0|0|0,2|0|1|1|1|1|0,6|0,6|0,6|1|0,6|1|1|0,6|0,2,6|0,6|0,6|0,6|0,6|0,2,6|0,6|0,6|1|1|1|1|1|1|1|1|0,6|0,6|0,6|3,6|0,6|0|0,2|0|0|0|0|0|0|0,2|0|0|0|0|0,2|0|0|0,2|0|1,3|1,3|4,3,6|0,1,6|0,1,6|0,6|0,6|1|0,6|1|1|0,6|0,2,6|0,6|0,6|0,6|0,6|0,2,6|0,6|0,6|1|1|1|1|1|1|1|1|0,6|0,6|0,6|3,6|0,6|0,7|1|1|1|1|1|1|1|1|0|0|0|0|0,2|0|0|0|0|1,3|1|1|1|0,6|0,6|0,6|1|4,3,6|1|1,3|0,3,6|0,2,3,6|0,3,6|0,3,6|0,3,6|0,6|0,2,6|0,6|0,6|1|1|1|1|1|1|1|1|0,6|0,6|0,6|3,6|0,6|0,7|1|1|1|1|1|1|1|1|0|0|0|0|0,2|0|0|0|0|1,3|1|1|1|0,6|0,6|0,6|1|1,3|1,3|1,3|1|0,2,6|1|1|1,3|1|0,2,6|1|0,6|1|1|1|1|1|1|1|1|0,6|0,6|0,6|3,6|0,6|0,7|1|1|1|1|1|1|1|1|0|0|0|1|1|1|0|0|0|1,3|1|1|1|1|1|1|1|1|1|1|1|4,3,6|1|1|1,3|1|4,3,6|1|4,3,6|1|1|1|1|1|1|1|1|0,1,6|0,1,6|0,1,6|3,6|0,6|0|2|1|1|1|1|1|1|2|0|0|0|1|1|1|0|0|0|1,3|1,3|1,3|1,3|1,3|1,3|1,3|1,3|1,3|1,3|1,3|1,3|1,3|1|1|1,3|1,3|1,3|1|1,5,3|1|1|1|1|1|1|1|1|0,6|0,6|0,6|0,6|0,6|0|0|0|0|0|0|0|0|0|0|0|0|1|1|1|0|0|0|
camera angles:99.2640,1;-108.6701,1;-60.1531,1;66.3153,1|98.6059,0.1892;0,0;0,0;0,0|0,0;0,0;0,0;0,0|0,0;0,0;0,0;0,0
