Template: NONE
DangerType: None
CeilingDrips: 0
Grime: 0.1086956
Palette: 42067
EffectColorA: 0
EffectColorB: 13
PlacedObjects: CustomDecal><261.6835><1645.671><-27~665~3965~761~4134~-772~411~331~0~1~0~bigredtag~0.06521739~1~0.06521739~1~0.06521739~1~0.06521739~1, CustomDecal><2151.444><1341.05><29~409~1044~401~993~-3~-48~-334~0~1~0~bigredtag~0.08695652~1~0.08695652~1~0.08695652~1~0.08695652~1, CustomDecal><2313><586.999><-31~891~1160~899~993~-3~87~136~0.2173913~0.2826087~0~bigredtag~0.06521739~1~0.06521739~1~0.06521739~1~0.06521739~1, CustomDecal><2404><2188><-31~891~1160~899~993~-3~87~136~0.2173913~0.2826087~0~bigredtag~0.06521739~1~0.06521739~1~0.06521739~1~0.06521739~1, CustomDecal><1714><2031><-31~891~1160~899~993~-3~87~136~0.2065217~0.326087~0~bigredtag~0.06521739~1~0.06521739~1~0.06521739~1~0.06521739~1, 
