Template: NONE
DangerType: FloodAndRain
CeilingDrips: 0.5543478
Clouds: 0.1847826
Grime: 0.1413043
Palette: 42069
EffectColorA: 0
EffectColorB: 13
PlacedObjects: LightSource><1767.337><442.8655><0.1847826~Environment~667~-392~50~86.60254~0~1~None~0~0, LightSource><824.6038><449.6364><0.1521739~Environment~-940~348~50~86.60254~0~1~None~0~0, LightSource><2241.039><666.196><0.2065217~EffectColor2~-99~46~-98~-219.3975~0~0~None~0~0, InsectGroup><1070.732><159.9492><358~360~-66~272~RockFlea~0.5, CustomDecal><2009.666><315.9313><0~78~136~78~135~0~-41~-307~0.2826087~1~0~scribbles7~0.3369565~0.326087~0.3369565~0.326087~0.3369565~0.326087~0.3369565~0.326087, CustomDecal><1958.85><156.5768><0~159~91~158~92~1~152~-196~0.2934783~1~0~scribbles5~0.3695652~0.1630435~0.3695652~0.1630435~0.3695652~0.1630435~0.3695652~0.1630435, CustomDecal><132.6615><87.38208><-1~239~98~238~99~0~60~224~0.2826087~1~0~badghost1~1~0.3043478~0.5~0.3043478~0.5~0.3043478~0.5~0.3043478, CustomDecal><1307.805><311.2077><0~159~157~158~156~0~184~12~0.6630435~1~0~badghost2~0.6739131~0.4347826~0.6739131~0.4347826~0.6739131~0.4347826~0.6739131~0.4347826, 
AmbientSounds: OMNI><AM_IND-Factory04.ogg><493.1877><527.4309><0.5><0.8043478, OMNI><RWTW_AmbDrips_01.ogg><496.5704><456.912><0.25><1.352174, 
FadePalette: 8, 0.2065217, 0.2065217
