-["TreeSparrows Tiles", colour(10, 250, 80)]
[#nm:"blimpfrontL", #sz:point(10,20), #specs:[-1,-1,-1,-1,-1,-1,-1,3,1,1,1,1,5,-1,-1,-1,-1,-1,-1,-1,-1,-1,-1,-1,-1,3,1,1,1,1,1,1,1,1,5,-1,-1,-1,-1,-1,-1,-1,-1,3,1,1,1,1,1,1,1,1,1,1,1,1,5,-1,-1,-1,-1,-1,3,1,1,1,1,1,1,1,1,1,1,1,1,1,1,5,-1,-1,-1,-1,1,1,1,1,1,1,1,1,1,1,1,1,1,1,1,1,-1,-1,-1,3,1,1,1,1,1,1,1,1,1,1,1,1,1,1,1,1,5,-1,-1,1,1,1,1,1,1,1,1,1,1,1,1,1,1,1,1,1,1,-1,3,1,1,1,1,1,1,1,1,1,1,1,1,1,1,1,1,1,1,5,1,1,1,1,1,1,1,1,1,1,1,1,1,1,1,1,1,1,1,1,1,1,1,1,1,1,1,1,1,1,1,1,1,1,1,1,1,1,1,1], #specs2:0, #tp:"voxelStruct", #repeatL:[1,1,1,1,1,5], #bfTiles:2, #rnd:1, #ptPos:0, #tags:[]]

[#nm:"blimpfrontR", #sz:point(10,20), #specs:[1,1,1,1,1,1,1,1,1,1,1,1,1,1,1,1,1,1,1,1,1,1,1,1,1,1,1,1,1,1,1,1,1,1,1,1,1,1,1,1,2,1,1,1,1,1,1,1,1,1,1,1,1,1,1,1,1,1,1,4,-1,1,1,1,1,1,1,1,1,1,1,1,1,1,1,1,1,1,1,-1,-1,2,1,1,1,1,1,1,1,1,1,1,1,1,1,1,1,1,4,-1,-1,-1,1,1,1,1,1,1,1,1,1,1,1,1,1,1,1,1,-1,-1,-1,-1,2,1,1,1,1,1,1,1,1,1,1,1,1,1,1,4,-1,-1,-1,-1,-1,2,1,1,1,1,1,1,1,1,1,1,1,1,4,-1,-1,-1,-1,-1,-1,-1,-1,2,1,1,1,1,1,1,1,1,4,-1,-1,-1,-1,-1,-1,-1,-1,-1,-1,-1,-1,2,1,1,1,1,4,-1,-1,-1,-1,-1,-1,-1], #specs2:0, #tp:"voxelStruct", #repeatL:[1,1,1,1,1,5], #bfTiles:2, #rnd:1, #ptPos:0, #tags:[]]

[#nm:"blimpsectionplain", #sz:point(4,20), #specs:[1,1,1,1,1,1,1,1,1,1,1,1,1,1,1,1,1,1,1,1,1,1,1,1,1,1,1,1,1,1,1,1,1,1,1,1,1,1,1,1,1,1,1,1,1,1,1,1,1,1,1,1,1,1,1,1,1,1,1,1,1,1,1,1,1,1,1,1,1,1,1,1,1,1,1,1,1,1,1,1], #specs2:0, #tp:"voxelStruct", #repeatL:[1,1,1,1,1,5], #bfTiles:2, #rnd:1, #ptPos:0, #tags:[]]

[#nm:"blimpsectionringed", #sz:point(4,20), #specs:[1,1,1,1,1,1,1,1,1,1,1,1,1,1,1,1,1,1,1,1,1,1,1,1,1,1,1,1,1,1,1,1,1,1,1,1,1,1,1,1,1,1,1,1,1,1,1,1,1,1,1,1,1,1,1,1,1,1,1,1,1,1,1,1,1,1,1,1,1,1,1,1,1,1,1,1,1,1,1,1], #specs2:0, #tp:"voxelStruct", #repeatL:[1,1,1,1,1,5], #bfTiles:2, #rnd:1, #ptPos:0, #tags:[]]

[#nm:"blimpsectionport", #sz:point(4,20), #specs:[1,1,1,1,1,1,1,1,1,1,1,1,1,1,1,1,1,1,1,1,1,1,1,1,1,1,1,1,1,1,1,1,1,1,1,1,1,1,1,1,1,1,1,1,1,1,1,1,1,1,1,1,1,1,1,1,1,1,1,1,1,1,1,1,1,1,1,1,1,1,1,1,1,1,1,1,1,1,1,1], #specs2:0, #tp:"voxelStruct", #repeatL:[1,1,1,1,1,5], #bfTiles:2, #rnd:1, #ptPos:0, #tags:[]]

[#nm:"bigplasmaball", #sz:point(17,22), #specs:[-1,-1,-1,-1,-1,-1,-1,-1,-1,-1,-1,-1,3,1,5,-1,-1,-1,-1,-1,-1,-1,-1,-1,-1,-1,-1,-1,-1,-1,-1,-1,3,1,1,1,1,1,5,-1,-1,-1,-1,-1,-1,-1,-1,-1,-1,-1,-1,-1,3,1,1,4,-1,-1,-1,2,1,1,5,-1,-1,-1,-1,-1,-1,-1,-1,-1,-1,3,1,4,-1,-1,-1,-1,-1,-1,-1,2,1,5,-1,-1,-1,-1,-1,-1,-1,-1,-1,1,4,-1,-1,-1,-1,-1,-1,-1,-1,-1,2,1,-1,-1,-1,-1,-1,-1,-1,-1,3,1,-1,-1,-1,-1,-1,-1,-1,-1,-1,-1,-1,1,5,-1,1,1,1,1,1,1,1,4,-1,-1,-1,-1,-1,-1,-1,-1,-1,-1,-1,2,1,-1,1,1,1,1,1,1,1,-1,-1,-1,-1,-1,-1,-1,-1,-1,-1,-1,-1,-1,1,5,1,1,1,1,1,1,1,-1,-1,-1,-1,-1,-1,-1,-1,-1,-1,-1,-1,-1,1,1,1,1,1,1,1,1,1,-1,-1,-1,-1,-1,-1,-1,-1,-1,-1,-1,-1,-1,1,4,1,1,1,1,1,1,1,5,-1,-1,-1,-1,-1,-1,-1,-1,-1,-1,-1,3,1,-1,-1,-1,-1,-1,-1,-1,2,1,-1,-1,-1,-1,-1,-1,-1,-1,-1,-1,-1,1,4,-1,-1,-1,-1,-1,-1,-1,-1,1,5,-1,-1,-1,-1,-1,-1,-1,-1,-1,3,1,-1,-1,-1,-1,-1,-1,-1,-1,-1,2,1,5,-1,-1,-1,-1,-1,-1,-1,3,1,4,-1,-1,-1,-1,-1,-1,-1,-1,-1,-1,2,1,1,5,-1,-1,-1,3,1,1,4,-1,-1,-1,-1,-1,-1,-1,-1,-1,-1,-1,-1,-1,2,1,1,1,1,1,4,-1,-1,-1,-1,-1,-1,-1,-1,-1,-1,-1,-1,-1,-1,-1,-1,-1,2,1,4,-1,-1,-1,-1,-1,-1,-1], #specs2:[-1,-1,-1,-1,-1,-1,-1,-1,-1,-1,-1,-1,3,1,5,-1,-1,-1,-1,-1,-1,-1,-1,-1,-1,-1,-1,-1,-1,-1,-1,-1,3,1,1,1,1,1,5,-1,-1,-1,-1,-1,-1,-1,-1,-1,-1,-1,-1,-1,3,1,1,4,-1,-1,-1,2,1,1,5,-1,-1,-1,-1,-1,-1,-1,-1,-1,-1,3,1,4,-1,-1,-1,-1,-1,-1,-1,2,1,5,-1,-1,-1,-1,-1,-1,-1,-1,-1,1,4,-1,-1,-1,-1,-1,-1,-1,-1,-1,2,1,-1,-1,-1,-1,-1,-1,-1,-1,3,1,-1,-1,-1,-1,-1,-1,-1,-1,-1,-1,-1,1,5,-1,1,1,1,1,1,1,1,4,-1,-1,-1,-1,-1,-1,-1,-1,-1,-1,-1,2,1,-1,1,1,1,1,1,1,1,-1,-1,-1,-1,-1,-1,-1,-1,-1,-1,-1,-1,-1,1,5,1,1,1,1,1,1,1,-1,-1,-1,-1,-1,-1,-1,-1,-1,-1,-1,-1,-1,1,1,1,1,1,1,1,1,1,-1,-1,-1,-1,-1,-1,-1,-1,-1,-1,-1,-1,-1,1,4,1,1,1,1,1,1,1,5,-1,-1,-1,-1,-1,-1,-1,-1,-1,-1,-1,3,1,-1,-1,-1,-1,-1,-1,-1,2,1,-1,-1,-1,-1,-1,-1,-1,-1,-1,-1,-1,1,4,-1,-1,-1,-1,-1,-1,-1,-1,1,5,-1,-1,-1,-1,-1,-1,-1,-1,-1,3,1,-1,-1,-1,-1,-1,-1,-1,-1,-1,2,1,5,-1,-1,-1,-1,-1,-1,-1,3,1,4,-1,-1,-1,-1,-1,-1,-1,-1,-1,-1,2,1,1,5,-1,-1,-1,3,1,1,4,-1,-1,-1,-1,-1,-1,-1,-1,-1,-1,-1,-1,-1,2,1,1,1,1,1,4,-1,-1,-1,-1,-1,-1,-1,-1,-1,-1,-1,-1,-1,-1,-1,-1,-1,2,1,4,-1,-1,-1,-1,-1,-1,-1], #tp:"voxelStruct", #repeatL:[1,1,1,1,1,5,5,1,1,1,1,1], #bfTiles:1, #rnd:1, #ptPos:0, #tags:[]]

[#nm:"blimpantenna", #sz:point(35,8), #specs:[-1,-1,-1,6,-1,-1,-1,-1,-1,-1,-1,6,-1,-1,-1,-1,-1,-1,-1,6,-1,-1,-1,-1,-1,-1,-1,6,-1,-1,-1,-1,-1,-1,-1,6,-1,-1,-1,-1,-1,-1,-1,6,-1,-1,-1,-1,-1,-1,-1,6,-1,-1,-1,-1,-1,-1,-1,6,-1,-1,-1,-1,-1,-1,-1,6,-1,-1,-1,-1,-1,-1,-1,6,-1,-1,-1,-1,-1,-1,-1,6,6,-1,-1,-1,-1,-1,-1,6,6,-1,-1,-1,-1,-1,-1,6,6,-1,-1,-1,-1,-1,-1,6,6,-1,-1,-1,-1,-1,-1,6,6,-1,-1,-1,-1,-1,-1,6,6,-1,-1,-1,-1,-1,-1,6,6,-1,-1,-1,-1,-1,-1,6,6,-1,-1,-1,-1,-1,-1,6,6,-1,-1,-1,-1,-1,-1,1,1,-1,-1,-1,-1,-1,3,1,1,5,-1,-1,-1,-1,1,1,1,1,-1,-1,-1,-1,2,1,1,4,-1,-1,-1,-1,-1,1,1,-1,-1,-1,-1,-1,-1,2,1,5,-1,-1,-1,-1,-1,-1,1,1,-1,-1,-1,-1,-1,-1,1,1,-1,-1,-1,-1,-1,3,1,4,-1,-1,-1,-1,-1,1,1,-1,-1,-1,-1,-1,-1,1,1,-1,-1,-1,-1,-1,-1,1,1,-1,-1,-1,-1,-1,-1,1,1,-1,-1,-1,-1,-1,3,1,1,5,-1,-1,3,1,1,1,1,1,1,5,1,1,1,1,1,1,1,1], #specs2:0, #tp:"voxelStruct", #repeatL:[2,2,6], #bfTiles:2, #rnd:1, #ptPos:0, #tags:[]]

[#nm:"blimpbigengine", #sz:point(28,15), #specs:[-1,-1,-1,-1,-1,-1,-1,1,-1,-1,-1,-1,-1,-1,-1,-1,-1,-1,-1,-1,-1,3,1,5,-1,-1,-1,-1,-1,-1,-1,-1,-1,-1,-1,3,1,1,1,5,-1,-1,-1,-1,-1,-1,-1,-1,-1,1,1,1,1,1,1,1,-1,-1,-1,-1,-1,-1,-1,-1,2,1,1,1,1,1,4,-1,-1,-1,-1,-1,-1,-1,-1,-1,1,1,1,1,1,-1,-1,-1,-1,-1,-1,-1,-1,-1,3,1,1,1,1,1,5,-1,-1,-1,-1,-1,-1,-1,-1,1,1,1,1,1,1,1,-1,-1,-1,-1,-1,-1,-1,-1,1,1,1,1,1,1,1,-1,-1,-1,-1,-1,-1,-1,-1,1,1,1,1,1,1,1,-1,-1,-1,-1,-1,-1,-1,-1,1,1,1,1,1,1,1,-1,-1,-1,-1,-1,-1,-1,-1,1,1,1,1,1,1,1,-1,-1,-1,-1,-1,-1,-1,-1,1,1,1,1,1,1,1,-1,-1,-1,-1,-1,-1,-1,-1,1,1,1,1,1,1,1,-1,-1,-1,-1,-1,-1,-1,-1,1,1,1,1,1,1,1,-1,-1,-1,-1,-1,-1,-1,-1,1,1,1,1,1,1,1,-1,-1,-1,-1,-1,-1,-1,-1,1,1,1,1,1,1,1,-1,-1,-1,-1,-1,-1,-1,-1,1,1,1,1,1,1,1,-1,-1,-1,-1,-1,-1,-1,-1,1,1,1,1,1,1,1,-1,-1,-1,-1,-1,-1,-1,-1,1,1,1,1,1,1,1,-1,-1,-1,-1,-1,-1,-1,-1,2,1,1,1,1,1,4,-1,-1,-1,-1,-1,-1,-1,-1,-1,-1,1,1,1,-1,-1,-1,-1,-1,-1,-1,-1,-1,-1,-1,-1,1,1,1,-1,-1,-1,-1,-1,-1,-1,-1,-1,-1,-1,-1,-1,1,-1,-1,-1,-1,-1,-1,-1,-1,-1,-1,-1,-1,-1,-1,1,-1,-1,-1,-1,-1,-1,-1,-1,-1,-1,-1,-1,-1,1,1,1,-1,-1,-1,-1,-1,-1,2,1,1,1,1,1,1,1,1,1,1,1,1,1,5,-1,-1,-1,-1,-1,-1,2,1,4,-1,-1,-1,-1,-1,-1], #specs2:0, #tp:"voxelStruct", #repeatL:[1,1,1,2,5], #bfTiles:2, #rnd:1, #ptPos:0, #tags:[]]

[#nm:"blimpcabin", #sz:point(41,14), #specs:[-1,-1,-1,-1,-1,3,1,1,5,-1,-1,-1,-1,-1,-1,-1,-1,3,1,1,1,1,1,1,5,-1,-1,-1,-1,-1,3,1,1,1,1,1,1,1,1,5,-1,-1,-1,1,1,1,1,1,1,1,1,1,1,1,1,-1,-1,1,1,1,1,1,1,1,1,1,1,1,1,-1,1,1,1,1,1,1,1,1,1,1,1,1,1,1,1,1,1,1,1,1,1,1,1,1,1,1,1,1,-1,1,1,1,1,1,1,1,1,1,1,1,1,-1,-1,1,1,1,1,1,1,1,1,1,1,1,1,-1,-1,1,1,1,1,1,1,1,1,1,1,1,1,-1,-1,1,1,1,1,1,1,1,1,1,1,1,1,-1,1,1,1,1,1,1,1,1,1,1,1,1,1,1,1,1,1,1,1,1,1,1,1,1,1,1,1,1,-1,1,1,1,1,1,1,1,1,1,1,1,1,-1,-1,1,1,1,1,1,1,1,1,1,1,1,1,-1,-1,1,1,1,1,1,1,1,1,1,1,1,1,-1,-1,1,1,1,1,1,1,1,1,1,1,1,1,-1,3,1,1,1,1,1,1,1,1,1,1,1,1,5,1,1,1,1,1,1,1,1,1,1,1,1,1,1,1,1,1,1,1,1,1,1,1,1,1,1,1,1,1,1,1,1,1,1,1,1,1,1,1,1,1,1,1,1,1,1,1,1,1,1,1,1,1,1,1,1,1,1,1,1,1,1,1,1,1,1,1,1,1,1,2,1,1,1,1,1,1,1,1,1,1,1,1,4,-1,1,1,1,1,1,1,1,1,1,1,1,1,-1,-1,1,1,1,1,1,1,1,1,1,1,1,1,-1,-1,1,1,1,1,1,1,1,1,1,1,1,1,-1,-1,1,1,1,1,1,1,1,1,1,1,1,1,-1,1,1,1,1,1,1,1,1,1,1,1,1,1,1,1,1,1,1,1,1,1,1,1,1,1,1,1,1,-1,1,1,1,1,1,1,1,1,1,1,1,1,-1,-1,1,1,1,1,1,1,1,1,1,1,1,1,-1,-1,1,1,1,1,1,1,1,1,1,1,1,1,-1,-1,1,1,1,1,1,1,1,1,1,1,1,1,-1,1,1,1,1,1,1,1,1,1,1,1,1,1,1,1,1,1,1,1,1,1,1,1,1,1,1,1,1,-1,1,1,1,1,1,1,1,1,1,1,1,1,-1,-1,1,1,1,1,1,1,1,1,1,1,1,1,-1,-1,2,1,1,1,1,1,1,1,1,1,1,4,-1,-1,-1,2,1,1,1,1,1,1,1,1,4,-1,-1,-1,-1,-1,-1,-1,2,1,1,4,-1,-1,-1,-1,-1], #specs2:0, #tp:"voxelStruct", #repeatL:[1,1,1,1,6], #bfTiles:2, #rnd:1, #ptPos:0, #tags:[]]

[#nm:"NSTileMid", #sz:point(1,1), #specs:[1], #specs2:0, #tp:"voxelStruct", #repeatL:[1,9], #bfTiles:0, #rnd:1, #ptPos:0, #tags:[]]
[#nm:"NSTileN", #sz:point(1,1), #specs:[1], #specs2:0, #tp:"voxelStruct", #repeatL:[1,9], #bfTiles:0, #rnd:1, #ptPos:0, #tags:[]]
[#nm:"NSTileE", #sz:point(1,1), #specs:[1], #specs2:0, #tp:"voxelStruct", #repeatL:[1,9], #bfTiles:0, #rnd:1, #ptPos:0, #tags:[]]
[#nm:"NSTileS", #sz:point(1,1), #specs:[1], #specs2:0, #tp:"voxelStruct", #repeatL:[1,9], #bfTiles:0, #rnd:1, #ptPos:0, #tags:[]]
[#nm:"NSTileW", #sz:point(1,1), #specs:[1], #specs2:0, #tp:"voxelStruct", #repeatL:[1,9], #bfTiles:0, #rnd:1, #ptPos:0, #tags:[]]
[#nm:"NSTileNE", #sz:point(1,1), #specs:[1], #specs2:0, #tp:"voxelStruct", #repeatL:[1,9], #bfTiles:0, #rnd:1, #ptPos:0, #tags:[]]
[#nm:"NSTileNW", #sz:point(1,1), #specs:[1], #specs2:0, #tp:"voxelStruct", #repeatL:[1,9], #bfTiles:0, #rnd:1, #ptPos:0, #tags:[]]
[#nm:"NSTileSE", #sz:point(1,1), #specs:[1], #specs2:0, #tp:"voxelStruct", #repeatL:[1,9], #bfTiles:0, #rnd:1, #ptPos:0, #tags:[]]
[#nm:"NSTileSW", #sz:point(1,1), #specs:[1], #specs2:0, #tp:"voxelStruct", #repeatL:[1,9], #bfTiles:0, #rnd:1, #ptPos:0, #tags:[]]
[#nm:"NSTileSlopeNE", #sz:point(1,1), #specs:[5], #specs2:0, #tp:"voxelStruct", #repeatL:[1,9], #bfTiles:0, #rnd:1, #ptPos:0, #tags:[]]
[#nm:"NSTileSlopeNW", #sz:point(1,1), #specs:[4], #specs2:0, #tp:"voxelStruct", #repeatL:[1,9], #bfTiles:0, #rnd:1, #ptPos:0, #tags:[]]
[#nm:"NSTileSlopeSE", #sz:point(1,1), #specs:[3], #specs2:0, #tp:"voxelStruct", #repeatL:[1,9], #bfTiles:0, #rnd:1, #ptPos:0, #tags:[]]
[#nm:"NSTileSlopeSW", #sz:point(1,1), #specs:[2], #specs2:0, #tp:"voxelStruct", #repeatL:[1,9], #bfTiles:0, #rnd:1, #ptPos:0, #tags:[]]
[#nm:"NSTileBoxedN", #sz:point(1,1), #specs:[1], #specs2:0, #tp:"voxelStruct", #repeatL:[1,9], #bfTiles:0, #rnd:1, #ptPos:0, #tags:[]]
[#nm:"NSTileBoxedE", #sz:point(1,1), #specs:[1], #specs2:0, #tp:"voxelStruct", #repeatL:[1,9], #bfTiles:0, #rnd:1, #ptPos:0, #tags:[]]
[#nm:"NSTileBoxedS", #sz:point(1,1), #specs:[1], #specs2:0, #tp:"voxelStruct", #repeatL:[1,9], #bfTiles:0, #rnd:1, #ptPos:0, #tags:[]]
[#nm:"NSTileBoxedW", #sz:point(1,1), #specs:[1], #specs2:0, #tp:"voxelStruct", #repeatL:[1,9], #bfTiles:0, #rnd:1, #ptPos:0, #tags:[]]
[#nm:"NSTileBoxedNS", #sz:point(1,1), #specs:[1], #specs2:0, #tp:"voxelStruct", #repeatL:[1,9], #bfTiles:0, #rnd:1, #ptPos:0, #tags:[]]
[#nm:"NSTileBoxedEW", #sz:point(1,1), #specs:[1], #specs2:0, #tp:"voxelStruct", #repeatL:[1,9], #bfTiles:0, #rnd:1, #ptPos:0, #tags:[]]
[#nm:"NSTileSingle", #sz:point(1,1), #specs:[1], #specs2:0, #tp:"voxelStruct", #repeatL:[1,9], #bfTiles:0, #rnd:1, #ptPos:0, #tags:[]]